4.790090832984099656e-01
-6.112718883101703193e-02
5.885887245755759833e-01
5.084353348022331298e-01
3.283081101444349503e-01
4.308197598525980720e-01
3.452855245683930652e-02
4.648074369189907074e-02
5.976095617529880721e-02
0.000000000000000000e+00
6.254980079681274896e-01
7.835325365205843273e-02
1.075697211155378502e-01
4.780876494023904300e-02
0.000000000000000000e+00
6.507304116865869625e-02
2.656042496679946689e-03
8.499335989375830236e-01
5.312084993359893377e-03
5.444887118193891123e-02
9.296148738379814494e-03
1.328021248339973474e-02
3.452855245683930652e-02
7.171314741035857143e-02
1.328021248339973344e-03
1.115537848605577670e-01
2.576361221779548405e-01
2.124833997343957351e-02
6.640106241699867372e-03
3.054448871181938974e-02
1.328021248339973474e-02
0.000000000000000000e+00
2.310756972111553675e-01
2.257636122177954924e-02
1.115537848605577670e-01
4.116865869853917476e-02
4.515272244355909848e-02
1.673306772908366435e-01
8.326693227091633842e-01
