-1.003708499622760209e-01
1.946673828249029931e-02
-1.812154588580011938e-01
-1.239974672342289558e-01
-8.555490707582195931e-02
-1.403289382679607233e-01
6.871753895325609374e-02
2.516979624450659328e-02
6.032760687175389713e-02
3.995205753096284381e-04
7.187375149820215414e-01
1.917698761486216416e-02
7.111466240511386816e-02
3.595685177786656084e-02
3.995205753096284381e-04
1.662005593288054250e-01
3.995205753096284381e-04
3.304035157810627510e-01
1.558130243707550946e-02
4.135037954454654496e-01
3.475829005193767363e-02
3.915301638034358878e-02
6.911705952856572743e-02
1.226528166200559350e-01
0.000000000000000000e+00
1.330403515781062862e-01
8.349980023971234622e-02
4.075109868158210275e-02
3.995205753096284229e-02
7.550938873351976943e-02
1.266480223731522303e-01
4.394726328405912548e-03
9.308829404714343003e-02
1.997602876548142115e-02
1.122652816620055977e-01
2.277267279264882233e-02
5.633240111865760874e-02
3.951258489812225494e-01
6.048741510187775061e-01
