3.592851762986017938e-01
1.079821396837358644e-01
8.042724322954946103e-01
2.486111606495440718e+00
1.884053535700320747e-01
4.153125711102433892e-01
-2.202390914113888376e-01
7.147489424729052132e-01
-4.040356674809833515e-01
-2.086231038612232011e-02
-6.123072412590020719e-02
2.471689841760534578e-01
-4.254868881054011953e-01
-1.756526217426616354e-01
-1.058357556217920381e+00
-5.687486162374508769e-01
2.250881655805990977e+00
1.408213943134622337e+00
-1.390555598748685062e+00
-1.349806604311967195e+00
-1.047700955149836188e+00
-7.062307573141103356e-01
-2.411014017975118828e-01
6.351486842381300069e-02
0.000000000000000000e+00
-2.735975736265051569e-02
1.125719760826962013e+00
-6.214462264506408484e-01
-3.338521849560210364e-01
1.293028682941517737e-01
-8.444166727620363577e-01
-2.499480126927307921e+00
3.270900001245431454e-01
9.415909366892509791e-01
3.293019653449875683e-01
4.949221702506256815e-01
-2.477331325195929468e-01
-8.075619848127845168e-01
-5.963849480086564903e-01
